gamma:, 0.995
epsilon_start:, 0.98
epsilon_end:, 0.05
epsilon_decay:, 150
n_episodes:, 750
batch_size:, 256
target_update:, 20
running_step:, 0.02
replay_memory_size:, 100000
learning_rate:, 0.0005
0, 5.0
1, 7.0
2, 14.0
3, 8.0
4, 15.0
5, 32.0
6, 13.0
7, 13.0
8, 11.0
9, 11.0
10, 20.0
11, 11.0
12, 5.0
13, 10.0
14, 47.0
15, 25.0
16, 17.0
17, 12.0
18, 21.0
19, 13.0
20, 12.0
21, 7.0
22, 17.0
23, 7.0
24, 11.0
25, 17.0
26, 16.0
27, 9.0
28, 41.0
29, 20.0
30, 22.0
31, 24.0
32, 8.0
33, 49.0
34, 8.0
35, 18.0
36, 26.0
37, 63.0
38, 4.0
39, 8.0
40, 13.0
41, 7.0
42, 11.0
43, 47.0
44, 13.0
45, 16.0
46, 43.0
47, 7.0
48, 8.0
49, 17.0
50, 5.0
51, 15.0
52, 13.0
53, 12.0
54, 23.0
55, 16.0
56, 18.0
57, 26.0
58, 12.0
59, 20.0
60, 13.0
61, 19.0
62, 21.0
63, 29.0
64, 4.0
65, 13.0
66, 11.0
67, 10.0
68, 9.0
69, 34.0
70, 62.0
71, 24.0
72, 10.0
73, 29.0
74, 28.0
75, 31.0
76, 23.0
77, 4.0
78, 14.0
79, 19.0
80, 41.0
81, 5.0
82, 21.0
83, 10.0
84, 67.0
85, 25.0
86, 4.0
87, 15.0
88, 9.0
89, 14.0
90, 5.0
91, 31.0
92, 13.0
93, 18.0
94, 11.0
95, 22.0
96, 30.0
97, 10.0
98, 7.0
99, 56.0
100, 64.0
101, 41.0
102, 8.0
103, 12.0
104, 18.0
105, 12.0
106, 14.0
107, 11.0
108, 5.0
109, 10.0
110, 15.0
111, 10.0
112, 16.0
113, 13.0
114, 13.0
115, 4.0
116, 10.0
117, 30.0
118, 22.0
119, 15.0
120, 4.0
121, 6.0
122, 16.0
123, 10.0
124, 11.0
125, 9.0
126, 15.0
127, 20.0
128, 29.0
129, 79.0
130, 36.0
131, 35.0
132, 4.0
133, 14.0
134, 11.0
135, 7.0
136, 7.0
137, 6.0
138, 23.0
139, 4.0
140, 11.0
141, 5.0
142, 4.0
143, 11.0
144, 10.0
145, 16.0
146, 9.0
147, 23.0
148, 9.0
149, 13.0
150, 43.0
151, 17.0
152, 6.0
153, 16.0
154, 25.0
155, 29.0
156, 5.0
157, 6.0
158, 18.0
159, 10.0
160, 18.0
161, 12.0
162, 7.0
163, 12.0
164, 10.0
165, 4.0
166, 8.0
167, 5.0
168, 11.0
169, 5.0
170, 26.0
171, 4.0
172, 9.0
173, 6.0
174, 6.0
175, 15.0
176, 12.0
177, 4.0
178, 19.0
179, 10.0
180, 7.0
181, 6.0
182, 5.0
183, 18.0
184, 8.0
185, 24.0
186, 8.0
187, 10.0
188, 10.0
189, 7.0
190, 42.0
191, 6.0
192, 39.0
193, 10.0
194, 5.0
195, 8.0
196, 4.0
197, 5.0
198, 10.0
199, 10.0
200, 12.0
201, 24.0
202, 30.0
203, 11.0
204, 20.0
205, 15.0
206, 27.0
207, 11.0
208, 7.0
209, 14.0
210, 37.0
211, 4.0
212, 13.0
213, 11.0
214, 11.0
215, 4.0
216, 15.0
217, 13.0
218, 11.0
219, 12.0
220, 12.0
221, 13.0
222, 27.0
223, 29.0
224, 5.0
225, 8.0
226, 49.0
227, 10.0
228, 10.0
229, 5.0
230, 47.0
231, 10.0
232, 27.0
233, 4.0
234, 5.0
235, 6.0
236, 22.0
237, 30.0
238, 30.0
239, 39.0
240, 5.0
241, 18.0
242, 7.0
243, 5.0
244, 10.0
245, 9.0
246, 14.0
247, 12.0
248, 15.0
249, 10.0
250, 18.0
251, 41.0
252, 4.0
253, 7.0
254, 12.0
255, 5.0
256, 21.0
257, 6.0
258, 9.0
259, 16.0
260, 11.0
261, 5.0
262, 28.0
263, 49.0
264, 4.0
265, 10.0
266, 15.0
267, 5.0
268, 33.0
269, 10.0
270, 12.0
271, 11.0
272, 30.0
273, 75.0
274, 54.0
275, 4.0
276, 9.0
277, 19.0
278, 6.0
279, 37.0
280, 4.0
281, 23.0
282, 10.0
283, 13.0
284, 11.0
285, 36.0
286, 31.0
287, 22.0
288, 5.0
289, 7.0
290, 13.0
291, 14.0
292, 18.0
293, 14.0
294, 14.0
295, 13.0
296, 11.0
297, 31.0
298, 23.0
299, 12.0
300, 13.0
301, 13.0
302, 17.0
303, 5.0
304, 7.0
305, 30.0
306, 9.0
307, 26.0
308, 12.0
309, 6.0
310, 4.0
311, 13.0
312, 11.0
313, 4.0
314, 13.0
315, 26.0
316, 27.0
317, 37.0
318, 22.0
319, 10.0
320, 9.0
321, 13.0
322, 17.0
323, 20.0
324, 12.0
325, 14.0
326, 24.0
327, 6.0
328, 16.0
329, 10.0
330, 44.0
331, 11.0
332, 5.0
333, 35.0
334, 14.0
335, 11.0
336, 9.0
337, 12.0
338, 7.0
339, 15.0
340, 8.0
341, 15.0
342, 29.0
343, 13.0
344, 21.0
345, 5.0
346, 16.0
347, 14.0
348, 5.0
349, 24.0
350, 4.0
351, 7.0
352, 30.0
353, 30.0
354, 11.0
355, 36.0
356, 6.0
357, 4.0
358, 15.0
359, 28.0
360, 26.0
361, 17.0
362, 30.0
363, 13.0
364, 4.0
365, 15.0
366, 33.0
367, 14.0
368, 10.0
369, 23.0
370, 4.0
371, 25.0
372, 11.0
373, 18.0
374, 6.0
375, 7.0
376, 13.0
377, 12.0
378, 27.0
379, 61.0
380, 16.0
381, 10.0
382, 26.0
383, 14.0
384, 5.0
385, 13.0
386, 11.0
387, 25.0
388, 4.0
389, 14.0
390, 4.0
391, 23.0
392, 27.0
393, 9.0
394, 7.0
395, 13.0
396, 18.0
397, 12.0
398, 4.0
399, 25.0
400, 29.0
401, 16.0
402, 14.0
403, 13.0
404, 5.0
405, 5.0
406, 13.0
407, 11.0
408, 5.0
409, 17.0
410, 20.0
411, 6.0
412, 33.0
413, 18.0
414, 11.0
415, 7.0
416, 4.0
417, 21.0
418, 10.0
419, 5.0
420, 6.0
421, 5.0
422, 11.0
423, 10.0
424, 18.0
425, 7.0
426, 4.0
427, 29.0
428, 18.0
429, 11.0
430, 14.0
431, 11.0
432, 28.0
433, 10.0
434, 22.0
435, 5.0
436, 15.0
437, 41.0
438, 10.0
439, 9.0
440, 11.0
441, 4.0
442, 23.0
443, 15.0
444, 6.0
445, 7.0
446, 16.0
447, 27.0
448, 11.0
449, 22.0
450, 22.0
451, 6.0
452, 12.0
453, 20.0
454, 17.0
455, 4.0
456, 9.0
457, 7.0
458, 22.0
459, 46.0
460, 15.0
461, 9.0
462, 5.0
463, 28.0
464, 4.0
465, 6.0
466, 4.0
467, 32.0
468, 22.0
469, 12.0
470, 16.0
471, 15.0
472, 26.0
473, 15.0
474, 4.0
475, 14.0
476, 7.0
477, 4.0
478, 4.0
479, 5.0
480, 25.0
481, 9.0
482, 9.0
483, 9.0
484, 16.0
485, 5.0
486, 5.0
487, 13.0
488, 9.0
489, 7.0
490, 15.0
491, 25.0
492, 7.0
493, 8.0
494, 19.0
495, 6.0
496, 11.0
497, 13.0
498, 7.0
499, 5.0
500, 10.0
501, 4.0
502, 46.0
503, 7.0
504, 6.0
505, 8.0
506, 15.0
507, 11.0
508, 5.0
509, 12.0
510, 11.0
511, 11.0
512, 8.0
513, 12.0
514, 10.0
515, 5.0
516, 23.0
517, 16.0
518, 15.0
519, 13.0
520, 5.0
521, 16.0
522, 6.0
523, 6.0
524, 22.0
525, 12.0
526, 7.0
527, 10.0
528, 22.0
529, 14.0
530, 37.0
531, 6.0
532, 6.0
533, 14.0
534, 8.0
535, 27.0
536, 14.0
537, 13.0
538, 4.0
539, 6.0
540, 11.0
541, 17.0
542, 7.0
543, 30.0
544, 7.0
545, 5.0
546, 14.0
547, 4.0
548, 24.0
549, 20.0
550, 6.0
551, 15.0
552, 35.0
553, 10.0
554, 6.0
555, 13.0
556, 26.0
557, 10.0
558, 11.0
559, 15.0
560, 28.0
561, 22.0
562, 49.0
563, 5.0
564, 5.0
565, 8.0
566, 53.0
567, 18.0
568, 10.0
569, 9.0
570, 39.0
571, 33.0
572, 18.0
573, 13.0
574, 15.0
575, 48.0
576, 5.0
577, 16.0
578, 11.0
579, 13.0
580, 11.0
581, 13.0
582, 9.0
583, 8.0
584, 5.0
585, 6.0
586, 9.0
587, 9.0
588, 15.0
589, 9.0
590, 27.0
591, 28.0
592, 81.0
593, 22.0
594, 42.0
595, 12.0
596, 19.0
597, 6.0
598, 7.0
599, 17.0
600, 4.0
601, 25.0
602, 10.0
603, 5.0
604, 12.0
605, 4.0
606, 5.0
607, 5.0
608, 10.0
609, 4.0
610, 11.0
611, 4.0
612, 7.0
613, 19.0
614, 7.0
615, 5.0
616, 5.0
617, 4.0
618, 7.0
619, 5.0
620, 6.0
621, 4.0
622, 5.0
623, 5.0
624, 4.0
625, 27.0
626, 4.0
627, 7.0
628, 13.0
629, 15.0
630, 14.0
631, 20.0
632, 14.0
633, 6.0
634, 5.0
635, 18.0
636, 22.0
637, 4.0
638, 6.0
639, 5.0
640, 44.0
641, 18.0
642, 20.0
643, 10.0
644, 4.0
645, 6.0
646, 20.0
647, 4.0
648, 5.0
649, 6.0
650, 5.0
651, 5.0
652, 5.0
653, 10.0
654, 5.0
655, 12.0
656, 4.0
657, 6.0
658, 13.0
659, 12.0
660, 13.0
661, 4.0
662, 6.0
663, 4.0
664, 16.0
665, 28.0
666, 6.0
667, 11.0
668, 5.0
669, 22.0
670, 4.0
671, 6.0
672, 16.0
673, 7.0
674, 18.0
675, 11.0
676, 51.0
677, 5.0
678, 7.0
679, 7.0
680, 38.0
681, 9.0
682, 6.0
683, 5.0
684, 6.0
685, 17.0
686, 15.0
687, 15.0
688, 9.0
689, 7.0
690, 5.0
691, 10.0
692, 6.0
693, 12.0
694, 47.0
695, 4.0
696, 4.0
697, 4.0
698, 18.0
699, 15.0
700, 4.0
701, 11.0
702, 9.0
703, 18.0
704, 5.0
705, 10.0
706, 13.0
707, 13.0
708, 5.0
709, 8.0
710, 9.0
711, 8.0
712, 7.0
713, 5.0
714, 7.0
715, 17.0
716, 19.0
717, 5.0
718, 15.0
719, 4.0
720, 9.0
721, 16.0
722, 4.0
723, 20.0
724, 13.0
725, 20.0
726, 14.0
727, 8.0
728, 9.0
729, 10.0
730, 6.0
731, 5.0
732, 6.0
733, 32.0
734, 11.0
735, 10.0
736, 6.0
737, 6.0
738, 20.0
739, 4.0
740, 9.0
741, 7.0
742, 12.0
743, 9.0
744, 4.0
745, 4.0
746, 53.0
747, 11.0
748, 10.0
749, 5.0

 Overall score: 14.73
 Best 100 score: 38.16