1, 4.0
2, 4.0
3, 11.0
4, 5.0
5, 5.0
6, 9.0
7, 8.0
8, 6.0
9, 11.0
10, 12.0
11, 11.0
12, 7.0
13, 7.0
14, 6.0
15, 11.0
16, 5.0
17, 15.0
18, 14.0
19, 6.0
20, 8.0
21, 4.0
22, 18.0
23, 20.0
24, 23.0
25, 12.0
26, 10.0
27, 10.0
28, 11.0
29, 14.0
30, 5.0
31, 4.0
32, 26.0
33, 10.0
34, 6.0
35, 8.0
36, 14.0
37, 5.0
38, 8.0
39, 18.0
40, 45.0
41, 4.0
42, 5.0
43, 11.0
44, 4.0
45, 12.0
46, 5.0
47, 20.0
48, 8.0
49, 14.0
50, 20.0
51, 18.0
52, 17.0
53, 26.0
54, 35.0
55, 6.0
56, 6.0
57, 4.0
58, 8.0
59, 8.0
60, 14.0
61, 11.0
62, 19.0
63, 16.0
64, 20.0
65, 6.0
66, 23.0
67, 30.0
68, 8.0
69, 11.0
70, 7.0
71, 14.0
72, 6.0
73, 10.0
74, 8.0
75, 11.0
76, 9.0
77, 11.0
78, 6.0
79, 5.0
80, 10.0
81, 8.0
82, 10.0
83, 15.0
84, 6.0
85, 6.0
86, 6.0
87, 11.0
88, 10.0
89, 19.0
90, 19.0
91, 19.0
92, 9.0
93, 9.0
94, 13.0
95, 5.0
96, 18.0
97, 11.0
98, 7.0
99, 8.0
100, 24.0
101, 10.0
102, 23.0
103, 10.0
104, 13.0
105, 9.0
106, 9.0
107, 32.0
108, 15.0
109, 17.0
110, 7.0
111, 12.0
112, 9.0
113, 13.0
114, 15.0
115, 30.0
116, 7.0
117, 8.0
118, 7.0
119, 4.0
120, 12.0
121, 10.0
122, 11.0
123, 10.0
124, 10.0
125, 4.0
126, 13.0
127, 4.0
128, 8.0
129, 42.0
130, 13.0
131, 4.0
132, 18.0
133, 4.0
134, 9.0
135, 6.0
136, 13.0
137, 24.0
138, 9.0
139, 16.0
140, 11.0
141, 9.0
142, 6.0
143, 7.0
144, 6.0
145, 4.0
146, 10.0
147, 11.0
148, 13.0
149, 15.0
150, 4.0
151, 10.0
152, 28.0
153, 7.0
154, 10.0
155, 12.0
156, 9.0
157, 13.0
158, 12.0
159, 15.0
160, 11.0
161, 9.0
162, 10.0
163, 7.0
164, 15.0
165, 21.0
166, 12.0
167, 15.0
168, 10.0
169, 7.0
170, 6.0
171, 12.0
172, 9.0
173, 13.0
174, 14.0
175, 33.0
176, 11.0
177, 8.0
178, 11.0
179, 10.0
180, 8.0
181, 9.0
182, 11.0
183, 12.0
184, 9.0
185, 13.0
186, 15.0
187, 7.0
188, 9.0
189, 9.0
190, 6.0
191, 6.0
192, 9.0
193, 9.0
194, 10.0
195, 7.0
196, 14.0
197, 9.0
198, 10.0
199, 7.0
200, 8.0
201, 19.0
202, 14.0
203, 6.0
204, 7.0
205, 10.0
206, 5.0
207, 8.0
208, 19.0
209, 10.0
210, 5.0
211, 5.0
212, 6.0
213, 14.0
214, 7.0
215, 5.0
216, 7.0
217, 9.0
218, 15.0
219, 11.0
220, 11.0
221, 8.0
222, 11.0
223, 17.0
224, 9.0
225, 9.0
226, 38.0
227, 15.0
228, 29.0
229, 15.0
230, 6.0
231, 9.0
232, 11.0
233, 5.0
234, 5.0
235, 8.0
236, 8.0
237, 14.0
238, 9.0
239, 18.0
240, 13.0
241, 25.0
242, 21.0
243, 13.0
244, 5.0
245, 23.0
246, 6.0
247, 5.0
248, 9.0
249, 6.0
250, 18.0
251, 13.0
252, 4.0
253, 24.0
254, 9.0
255, 16.0
256, 8.0
257, 11.0
258, 11.0
259, 15.0
260, 5.0
261, 19.0
262, 11.0
263, 8.0
264, 5.0
265, 10.0
266, 9.0
267, 11.0
268, 9.0
269, 15.0
270, 10.0
271, 8.0
272, 4.0
273, 11.0
274, 18.0
275, 8.0
276, 7.0
277, 8.0
278, 4.0
279, 11.0
280, 7.0
281, 6.0
282, 17.0
283, 8.0
284, 26.0
285, 15.0
286, 13.0
287, 13.0
288, 13.0
289, 22.0
290, 8.0
291, 7.0
292, 10.0
293, 14.0
294, 12.0
295, 8.0
296, 10.0
297, 8.0
298, 8.0
299, 10.0
300, 13.0
301, 4.0
302, 21.0
303, 13.0
304, 19.0
305, 11.0
306, 6.0
307, 11.0
308, 8.0
309, 12.0
310, 6.0
311, 8.0
312, 6.0
313, 7.0
314, 15.0
315, 9.0
316, 5.0
317, 11.0
318, 12.0
319, 11.0
320, 10.0
321, 10.0
322, 7.0
323, 10.0
324, 10.0
325, 10.0
326, 10.0
327, 10.0
328, 4.0
329, 11.0
330, 18.0
331, 11.0
332, 9.0
333, 12.0
334, 8.0
335, 5.0
336, 12.0
337, 14.0
338, 6.0
339, 12.0
340, 5.0
341, 8.0
342, 11.0
343, 8.0
344, 9.0
345, 6.0
346, 11.0
347, 11.0
348, 5.0
349, 4.0
350, 11.0
351, 5.0
352, 5.0
353, 5.0
354, 13.0
355, 6.0
356, 6.0
357, 14.0
358, 9.0
359, 17.0
360, 5.0
361, 5.0
362, 12.0
363, 10.0
364, 5.0
365, 5.0
366, 9.0
367, 6.0
368, 5.0
369, 8.0
370, 11.0
371, 9.0
372, 5.0
373, 8.0
374, 10.0
375, 7.0
376, 12.0
377, 12.0
378, 17.0
379, 5.0
380, 11.0
381, 6.0
382, 8.0
383, 11.0
384, 9.0
385, 13.0
386, 12.0
387, 8.0
388, 5.0
389, 8.0
390, 13.0
391, 13.0
392, 11.0
393, 10.0
394, 14.0
395, 5.0
396, 22.0
397, 12.0
398, 61.0
399, 12.0
400, 42.0
401, 15.0
402, 8.0
403, 10.0
404, 19.0
405, 21.0
406, 12.0
407, 7.0
408, 10.0
409, 10.0
410, 14.0
411, 11.0
412, 70.0
413, 12.0
414, 7.0
415, 10.0
416, 7.0
417, 7.0
418, 8.0
419, 12.0
420, 15.0
421, 20.0
422, 6.0
423, 5.0
424, 12.0
425, 11.0
426, 12.0
427, 12.0
428, 9.0
429, 13.0
430, 9.0
431, 11.0
432, 7.0
433, 13.0
434, 8.0
435, 8.0
436, 7.0
437, 26.0
438, 8.0
439, 8.0
440, 7.0
441, 9.0
442, 9.0
443, 6.0
444, 11.0
445, 9.0
446, 9.0
447, 11.0
448, 15.0
449, 31.0
450, 4.0
451, 9.0
452, 7.0
453, 11.0
454, 28.0
455, 10.0
456, 17.0
457, 18.0
458, 13.0
459, 19.0
460, 13.0
461, 11.0
462, 15.0
463, 7.0
464, 15.0
465, 31.0
466, 7.0
467, 14.0
468, 22.0
469, 15.0
470, 10.0
471, 12.0
472, 8.0
473, 21.0
474, 10.0
475, 15.0
476, 14.0
477, 26.0
478, 24.0
479, 15.0
480, 14.0
481, 8.0
482, 15.0
483, 8.0
484, 13.0
485, 8.0
486, 26.0
487, 13.0
488, 5.0
489, 8.0
490, 5.0
491, 4.0
492, 10.0
493, 12.0
494, 8.0
495, 13.0
496, 19.0
497, 6.0
498, 11.0
499, 7.0
500, 9.0
501, 10.0
502, 15.0
503, 12.0
504, 5.0
505, 19.0
506, 12.0
507, 8.0
508, 8.0
509, 10.0
510, 8.0
511, 11.0
512, 8.0
513, 6.0
514, 8.0
515, 25.0
516, 12.0
517, 18.0
518, 12.0
519, 13.0
520, 15.0
521, 13.0
522, 12.0
523, 22.0
524, 20.0
525, 6.0
526, 6.0
527, 12.0
528, 8.0
529, 10.0
530, 8.0
531, 11.0
532, 13.0
533, 14.0
534, 14.0
535, 9.0
536, 6.0
537, 11.0
538, 7.0
539, 12.0
540, 10.0
541, 9.0
542, 17.0
543, 20.0
544, 8.0
545, 8.0
546, 15.0
547, 6.0
548, 14.0
549, 48.0
550, 8.0
551, 10.0
552, 5.0
553, 9.0
554, 7.0
555, 11.0
556, 11.0
557, 7.0
558, 8.0
559, 7.0
560, 11.0
561, 5.0
562, 20.0
563, 11.0
564, 23.0
565, 35.0
566, 9.0
567, 21.0
568, 9.0
569, 11.0
570, 13.0
571, 9.0
572, 7.0
573, 9.0
574, 8.0
575, 6.0
576, 7.0
577, 9.0
578, 9.0
579, 11.0
580, 8.0
581, 14.0
582, 9.0
583, 6.0
584, 18.0
585, 8.0
586, 6.0
587, 7.0
588, 14.0
589, 12.0
590, 8.0
591, 7.0
592, 5.0
593, 5.0
594, 9.0
595, 10.0
596, 9.0
597, 11.0
598, 11.0
599, 18.0
600, 12.0
601, 7.0
602, 8.0
603, 11.0
604, 12.0
605, 5.0
606, 6.0
607, 5.0
608, 9.0
609, 15.0
610, 25.0
611, 12.0
612, 10.0
613, 23.0
614, 16.0
615, 11.0
616, 5.0
617, 16.0
618, 22.0
619, 6.0
620, 14.0
621, 9.0
622, 15.0
623, 6.0
624, 6.0
625, 8.0
626, 11.0
627, 7.0
628, 12.0
629, 20.0
630, 6.0
631, 10.0
632, 12.0
633, 13.0
634, 8.0
635, 7.0
636, 5.0
637, 16.0
638, 7.0
639, 6.0
640, 11.0
641, 6.0
642, 4.0
643, 8.0
644, 17.0
645, 9.0
646, 12.0
647, 9.0
648, 13.0
649, 12.0
650, 16.0
651, 11.0
652, 108.0
653, 32.0
654, 10.0
655, 8.0
656, 19.0
657, 12.0
658, 11.0
659, 6.0
660, 7.0
661, 9.0
662, 13.0
663, 9.0
664, 9.0
665, 16.0
666, 12.0
667, 16.0
668, 14.0
669, 6.0
670, 14.0
671, 7.0
672, 8.0
673, 12.0
674, 10.0
675, 17.0
676, 17.0
677, 10.0
678, 6.0
679, 6.0
680, 6.0
681, 16.0
682, 14.0
683, 15.0
684, 12.0
685, 14.0
686, 53.0
687, 11.0
688, 7.0
689, 12.0
690, 16.0
691, 9.0
692, 7.0
693, 14.0
694, 9.0
695, 11.0
696, 7.0
697, 5.0
698, 6.0
699, 13.0
700, 9.0
701, 11.0
702, 17.0
703, 6.0
704, 6.0
705, 12.0
706, 7.0
707, 9.0
708, 6.0
709, 12.0
710, 10.0
711, 12.0
712, 15.0
713, 9.0
714, 21.0
715, 9.0
716, 5.0
717, 13.0
718, 12.0
719, 12.0
720, 6.0
721, 11.0
722, 11.0
723, 17.0
724, 9.0
725, 11.0
726, 8.0
727, 5.0
728, 8.0
729, 6.0
730, 8.0
731, 8.0
732, 12.0
733, 10.0
734, 14.0
735, 4.0
736, 12.0
737, 12.0
738, 6.0
739, 10.0
740, 5.0
741, 9.0
742, 9.0
743, 6.0
744, 9.0
745, 14.0
746, 13.0
747, 7.0
748, 19.0
749, 5.0
750, 11.0
751, 14.0
752, 8.0
753, 12.0
754, 14.0
755, 9.0
756, 11.0
757, 6.0
758, 7.0
759, 29.0
760, 10.0
761, 7.0
762, 8.0
763, 9.0
764, 6.0
765, 6.0
766, 11.0
767, 10.0
768, 8.0
769, 16.0
770, 10.0
771, 14.0
772, 5.0
773, 14.0
774, 7.0
775, 12.0
776, 14.0
777, 5.0
778, 6.0
779, 11.0
780, 7.0
781, 10.0
782, 6.0
783, 87.0
784, 19.0
785, 7.0
786, 7.0
787, 14.0
788, 10.0
789, 6.0
790, 12.0
791, 7.0
792, 8.0
793, 9.0
794, 14.0
795, 9.0
796, 32.0
797, 19.0
798, 9.0
799, 5.0
800, 6.0
801, 11.0
802, 9.0
803, 8.0
804, 11.0
805, 9.0
806, 10.0
807, 9.0
808, 14.0
809, 5.0
810, 6.0
811, 5.0
812, 13.0
813, 6.0
814, 32.0
815, 8.0
816, 11.0
817, 10.0
818, 12.0
819, 9.0
820, 8.0
821, 5.0
822, 9.0
823, 6.0
824, 9.0
825, 8.0
826, 12.0
827, 30.0
828, 18.0
829, 11.0
830, 6.0
831, 5.0
832, 10.0
833, 12.0
834, 5.0
835, 12.0
836, 14.0
837, 10.0
838, 9.0
839, 9.0
840, 10.0
841, 14.0
842, 5.0
843, 8.0
844, 11.0
845, 8.0
846, 10.0
847, 5.0
848, 10.0
849, 10.0
850, 6.0
851, 14.0
852, 18.0
853, 8.0
854, 12.0
855, 9.0
856, 7.0
857, 8.0
858, 10.0
859, 6.0
860, 6.0
861, 11.0
862, 6.0
863, 8.0
864, 11.0
865, 5.0
866, 6.0
867, 10.0
868, 6.0
869, 12.0
870, 8.0
871, 9.0
872, 6.0
873, 5.0
874, 13.0
875, 7.0
876, 10.0
877, 8.0
878, 8.0
879, 11.0
880, 11.0
881, 12.0
882, 12.0
883, 16.0
884, 18.0
885, 12.0
886, 16.0
887, 12.0
888, 11.0
889, 5.0
890, 15.0
891, 16.0
892, 14.0
893, 11.0
894, 13.0
895, 9.0
896, 11.0
897, 19.0
898, 6.0
899, 13.0
900, 9.0
901, 8.0
902, 11.0
903, 14.0
904, 5.0
905, 9.0
906, 15.0
907, 18.0
908, 7.0
909, 17.0
910, 11.0
911, 12.0
912, 25.0
913, 11.0
914, 11.0
915, 9.0
916, 12.0
917, 11.0
918, 11.0
919, 12.0
920, 9.0
921, 6.0
922, 8.0
923, 5.0
924, 8.0
925, 12.0
926, 5.0
927, 12.0
928, 19.0
929, 6.0
930, 10.0
931, 6.0
932, 10.0
933, 5.0
934, 5.0
935, 10.0
936, 8.0
937, 8.0
938, 5.0
939, 5.0
940, 6.0
941, 15.0
942, 11.0
943, 8.0
944, 23.0
945, 11.0
946, 8.0
947, 14.0
948, 6.0
949, 5.0
950, 5.0
951, 6.0
952, 5.0
953, 14.0
954, 12.0
955, 8.0
956, 7.0
957, 9.0
958, 5.0
959, 9.0
960, 12.0
961, 8.0
962, 7.0
963, 11.0
964, 10.0
965, 11.0
966, 6.0
967, 6.0
968, 6.0
969, 14.0
970, 15.0
971, 6.0
972, 4.0
973, 8.0
974, 9.0
975, 18.0
976, 7.0
977, 8.0
978, 5.0
979, 7.0
980, 10.0
981, 9.0
982, 24.0
983, 10.0
984, 7.0
985, 8.0
986, 20.0
987, 7.0
988, 5.0
989, 15.0
990, 6.0
991, 9.0
992, 9.0
993, 9.0
994, 4.0
995, 9.0
996, 9.0
997, 13.0
998, 12.0
999, 13.0
1000, 6.0
1001, 9.0
1002, 16.0
1003, 10.0
1004, 17.0
1005, 10.0
1006, 12.0
1007, 5.0
1008, 11.0
1009, 43.0
1010, 9.0
1011, 17.0
1012, 13.0
1013, 7.0
1014, 6.0
1015, 6.0
1016, 8.0
1017, 7.0
1018, 17.0
1019, 6.0
1020, 7.0
1021, 4.0
1022, 50.0
1023, 10.0
1024, 5.0
1025, 6.0
1026, 8.0
1027, 9.0
1028, 12.0
1029, 15.0
1030, 6.0
1031, 15.0
1032, 11.0
1033, 5.0
1034, 7.0
1035, 7.0
1036, 13.0
1037, 4.0
1038, 4.0
1039, 9.0
1040, 17.0
1041, 10.0
1042, 25.0
1043, 15.0
1044, 11.0
1045, 13.0
1046, 30.0
1047, 11.0
1048, 8.0
1049, 10.0
1050, 8.0
1051, 8.0
1052, 6.0
1053, 4.0
1054, 5.0
1055, 12.0
1056, 42.0
1057, 12.0
1058, 6.0
1059, 13.0
1060, 8.0
1061, 12.0
1062, 7.0
1063, 12.0
1064, 7.0
1065, 4.0
1066, 4.0
1067, 65.0
1068, 6.0
1069, 13.0
1070, 9.0
1071, 8.0
1072, 10.0
1073, 6.0
1074, 10.0
1075, 5.0
1076, 5.0
1077, 9.0
1078, 6.0
1079, 5.0
1080, 6.0
1081, 9.0
1082, 12.0
1083, 16.0
1084, 6.0
1085, 9.0
1086, 7.0
1087, 11.0
1088, 7.0
1089, 12.0
1090, 21.0
1091, 5.0
1092, 11.0
1093, 6.0
1094, 7.0
1095, 13.0
1096, 11.0
1097, 12.0
1098, 5.0
1099, 8.0
1100, 16.0
1101, 15.0
1102, 12.0
1103, 9.0
1104, 11.0
1105, 10.0
1106, 9.0
1107, 6.0
1108, 11.0
1109, 12.0
1110, 9.0
1111, 8.0
1112, 4.0
1113, 14.0
1114, 20.0
1115, 9.0
1116, 12.0
1117, 12.0
1118, 9.0
1119, 8.0
1120, 40.0
1121, 10.0
1122, 10.0
1123, 24.0
1124, 5.0
1125, 15.0
1126, 10.0
1127, 7.0
1128, 5.0
1129, 14.0
1130, 19.0
1131, 6.0
1132, 6.0
1133, 12.0
1134, 11.0
1135, 12.0
1136, 12.0
1137, 7.0
1138, 5.0
1139, 19.0
1140, 10.0
1141, 6.0
1142, 6.0
1143, 5.0
1144, 54.0
1145, 8.0
1146, 7.0
1147, 6.0
1148, 12.0
1149, 10.0
1150, 7.0
1151, 6.0
1152, 22.0
1153, 8.0
1154, 6.0
1155, 16.0
1156, 15.0
1157, 15.0
1158, 13.0
1159, 9.0
1160, 7.0
1161, 13.0
1162, 14.0
1163, 9.0
1164, 6.0
1165, 6.0
1166, 5.0
1167, 55.0
1168, 12.0
1169, 6.0
1170, 18.0
1171, 14.0
1172, 8.0
1173, 5.0
1174, 11.0
1175, 4.0
1176, 6.0
1177, 10.0
1178, 6.0
1179, 5.0
1180, 10.0
1181, 14.0
1182, 9.0
1183, 15.0
1184, 6.0
1185, 13.0
1186, 13.0
1187, 20.0
1188, 22.0
1189, 12.0
1190, 6.0
1191, 14.0
1192, 7.0
1193, 6.0
1194, 7.0
1195, 15.0
1196, 12.0
1197, 8.0
1198, 13.0
1199, 7.0
1200, 8.0
1201, 8.0
1202, 13.0
1203, 7.0
1204, 23.0
1205, 6.0
1206, 9.0
1207, 10.0
1208, 7.0
1209, 6.0
1210, 8.0
1211, 14.0
1212, 8.0
1213, 11.0
1214, 9.0
1215, 14.0
1216, 11.0
1217, 19.0
1218, 14.0
1219, 12.0
1220, 6.0
1221, 9.0
1222, 10.0
1223, 7.0
1224, 6.0
1225, 10.0
1226, 10.0
1227, 11.0
1228, 5.0
1229, 9.0
1230, 7.0
1231, 18.0
1232, 15.0
1233, 4.0
1234, 5.0
1235, 11.0
1236, 15.0
1237, 11.0
1238, 7.0
1239, 4.0
1240, 5.0
1241, 5.0
1242, 5.0
1243, 12.0
1244, 11.0
1245, 11.0
1246, 5.0
1247, 8.0
1248, 5.0
1249, 11.0
1250, 6.0
1251, 5.0
1252, 13.0
1253, 9.0
1254, 12.0
1255, 25.0
1256, 6.0
1257, 6.0
1258, 12.0
1259, 6.0
1260, 6.0
1261, 8.0
1262, 9.0
1263, 12.0
1264, 7.0
1265, 11.0
1266, 14.0
1267, 6.0
1268, 5.0
1269, 10.0
1270, 5.0
1271, 6.0
1272, 8.0
1273, 17.0
1274, 9.0
1275, 5.0
1276, 6.0
1277, 15.0
1278, 10.0
1279, 8.0
1280, 6.0
1281, 9.0
1282, 7.0
1283, 11.0
1284, 13.0
1285, 11.0
1286, 6.0
1287, 13.0
1288, 27.0
1289, 14.0
1290, 11.0
1291, 6.0
1292, 11.0
1293, 6.0
1294, 8.0
1295, 11.0
1296, 7.0
1297, 15.0
1298, 11.0
1299, 11.0
1300, 5.0
1301, 26.0
1302, 5.0
1303, 12.0
1304, 6.0
1305, 6.0
1306, 4.0
1307, 7.0
1308, 40.0
1309, 34.0
1310, 10.0
1311, 6.0
1312, 15.0
1313, 6.0
1314, 6.0
1315, 5.0
1316, 5.0
1317, 35.0
1318, 43.0
1319, 5.0
1320, 6.0
1321, 18.0
1322, 11.0
1323, 8.0
1324, 5.0
1325, 6.0
1326, 11.0
1327, 8.0
1328, 12.0
1329, 7.0
1330, 7.0
1331, 6.0
1332, 4.0
1333, 5.0
1334, 12.0
1335, 19.0
1336, 10.0
1337, 14.0
1338, 8.0
1339, 12.0
1340, 13.0
1341, 11.0
1342, 10.0
1343, 12.0
1344, 11.0
1345, 12.0
1346, 6.0
1347, 15.0
1348, 15.0
1349, 9.0
1350, 6.0
1351, 15.0
1352, 22.0
1353, 11.0
1354, 6.0
1355, 12.0
1356, 17.0
1357, 6.0
1358, 7.0
1359, 9.0
1360, 7.0
1361, 9.0
1362, 13.0
1363, 11.0
1364, 9.0
1365, 7.0
1366, 6.0
1367, 8.0
1368, 7.0
1369, 5.0
1370, 14.0
1371, 6.0
1372, 10.0
1373, 10.0
1374, 5.0
1375, 6.0
1376, 11.0
1377, 27.0
1378, 18.0
1379, 16.0
1380, 6.0
1381, 6.0
1382, 7.0
1383, 7.0
1384, 15.0
1385, 11.0
1386, 4.0
1387, 10.0
1388, 11.0
1389, 11.0
1390, 5.0
1391, 7.0
1392, 7.0
1393, 10.0
1394, 47.0
1395, 5.0
1396, 8.0
1397, 11.0
1398, 7.0
1399, 19.0
1400, 16.0
1401, 15.0
1402, 9.0
1403, 8.0
1404, 10.0
1405, 9.0
1406, 10.0
1407, 11.0
1408, 8.0
1409, 13.0
1410, 6.0
1411, 14.0
1412, 9.0
1413, 6.0
1414, 7.0
1415, 13.0
1416, 6.0
1417, 7.0
1418, 6.0
1419, 26.0
1420, 11.0
1421, 8.0
1422, 8.0
1423, 14.0
1424, 5.0
1425, 8.0
1426, 9.0
1427, 8.0
1428, 12.0
1429, 10.0
1430, 13.0
1431, 5.0
1432, 12.0
1433, 5.0
1434, 7.0
1435, 7.0
1436, 6.0
1437, 15.0
1438, 6.0
1439, 18.0
1440, 11.0
1441, 7.0
1442, 11.0
1443, 11.0
1444, 12.0
1445, 15.0
1446, 15.0
1447, 30.0
1448, 6.0
1449, 12.0
1450, 13.0
1451, 8.0
1452, 30.0
1453, 8.0
1454, 11.0
1455, 34.0
1456, 7.0
1457, 12.0
1458, 8.0
1459, 17.0
1460, 5.0
1461, 9.0
1462, 9.0
1463, 6.0
1464, 6.0
1465, 10.0
1466, 12.0
1467, 6.0
1468, 23.0
1469, 12.0
1470, 11.0
1471, 8.0
1472, 14.0
1473, 11.0
1474, 5.0
1475, 10.0
1476, 13.0
1477, 6.0
1478, 15.0
1479, 8.0
1480, 5.0
1481, 7.0
1482, 26.0
1483, 9.0
1484, 10.0
1485, 6.0
1486, 8.0
1487, 18.0
1488, 11.0
1489, 15.0
1490, 6.0
1491, 6.0
1492, 11.0
1493, 8.0
1494, 13.0
1495, 10.0
1496, 19.0
1497, 5.0
1498, 17.0
1499, 15.0
